0 6 0 0 0 0 0 0 0 0 0 0 0 0 0 0 
0 1 1 4 0 0 0 0 0 0 0 0 0 0 0 0 
0 0 2 0 0 4 0 0 0 0 0 0 0 0 0 0 
0 0 0 1 2 0 1 1 1 0 0 0 0 0 0 0 
0 0 0 0 3 0 0 0 0 0 0 0 0 3 0 0 
0 0 0 0 0 1 0 0 0 0 4 0 0 0 0 1 
0 0 0 0 0 0 2 0 0 1 0 2 1 0 0 0 
0 0 0 0 0 0 0 1 0 0 2 0 0 1 2 0 
0 0 0 0 0 0 0 0 1 0 2 0 0 1 2 0 
0 0 0 0 0 0 0 0 0 1 0 0 0 0 4 1 
0 0 0 0 0 0 0 0 0 0 3 0 0 0 0 3 
0 0 0 0 0 0 0 0 0 0 0 1 0 0 4 1 
0 0 0 0 0 0 0 0 0 0 0 0 1 0 4 1 
0 0 0 0 0 0 0 0 0 0 0 0 0 2 4 0 
0 0 0 0 0 0 0 0 0 0 0 0 0 0 3 3 
0 0 0 0 0 0 0 0 0 0 0 0 0 0 0 6 

Markov chain (4 agents)
4 secrets
state = 1
8000000000000000
4000000000000000
2000000000000000
1000000000000000

5 secrets
6 secrets
state = 2
8000000000000000
4000000000000000
3000000000000000
3000000000000000

7 secrets
8 secrets
state = 3
c000000000000000
c000000000000000
3000000000000000
3000000000000000

9 secrets
state = 4
8000000000000000
6000000000000000
7000000000000000
7000000000000000

10 secrets
state = 5
8000000000000000
7000000000000000
7000000000000000
7000000000000000

11 secrets
12 secrets
state = 6
a000000000000000
5000000000000000
f000000000000000
f000000000000000

state = 7
e000000000000000
d000000000000000
e000000000000000
d000000000000000

13 secrets
state = 8
a000000000000000
e000000000000000
f000000000000000
f000000000000000

state = 9
c000000000000000
e000000000000000
f000000000000000
f000000000000000

14 secrets
state = 10
b000000000000000
7000000000000000
f000000000000000
f000000000000000

state = 11
c000000000000000
f000000000000000
f000000000000000
f000000000000000

state = 12
e000000000000000
7000000000000000
f000000000000000
f000000000000000

state = 13
e000000000000000
d000000000000000
f000000000000000
f000000000000000

state = 14
e000000000000000
e000000000000000
f000000000000000
f000000000000000

15 secrets
state = 15
e000000000000000
f000000000000000
f000000000000000
f000000000000000

16 secrets
state = 16
f000000000000000
f000000000000000
f000000000000000
f000000000000000

